p_ref_upper_limit_base = [[ 1.0;  0.9; -0.2; -0.36]*ones(1,400), [ 1.0;  0.9; -0.2; -1]*ones(1,4000)]
%p_ref_upper_limit_base = [[ 1.0;  0.9; -0.2; -1]*ones(1,400), [ 1.0;  0.0; -0.2; -1]*(1:100)/100 + [ 1.0;  0.6; -0.2; -1]*(99:-1:0)/100, [ 1.0;  0.0; -0.2; -1]*ones(1,3900)]

p_ref_lower_limit_base = [[   0;    0; -0.3; -1]*ones(1,400), [   0;    0; -0.3; -1]*ones(1,4000)]